1988 -0.000335265 0.030326677 0.0683
1988.0833333333 0.0008872764 0.029383437 0.0658
1988.1666666667 6.2836803E-005 0.030234645 0.0658
1988.25 0.0038047923 0.031940479 0.0687
1988.3333333333 0.0034474819 0.032649711 0.0709
1988.4166666667 0.0054006685 0.03416684 0.0751
1988.5 0.0043970326 0.037299017 0.0775
1988.5833333333 0.0039973914 0.036485174 0.0801
1988.6666666667 0.0034397798 0.038404274 0.0819
1988.75 0.0048896409 0.036988791 0.083
1988.8333333333 0.0065752978 0.036757063 0.0835
1988.9166666667 0.0089414158 0.037684172 0.0876
1989 0.0096436449 0.039402825 0.0912
1989.0833333333 0.010234489 0.040529036 0.0936
1989.1666666667 0.011332569 0.040809918 0.0985
1989.25 0.011780929 0.041900529 0.0984
1989.3333333333 0.011097655 0.041411449 0.0981
1989.4166666667 0.011554495 0.039439774 0.0953
1989.5 0.00889216 0.038365543 0.0924
1989.5833333333 0.0098806815 0.036865551 0.0899
1989.6666666667 0.01142704 0.034040988 0.0902
1989.75 0.0092171321 0.035607065 0.0884
1989.8333333333 0.0080516987 0.0359951 0.0855
1989.9166666667 0.0060213257 0.034505358 0.0845
1990 0.0018342137 0.033650228 0.0823
1990.0833333333 0.007169694 0.035701629 0.0824
1990.1666666667 0.0094473909 0.036883075 0.0828
1990.25 0.0076000983 0.034739465 0.0826
1990.3333333333 0.0067665795 0.034765817 0.0818
1990.4166666667 0.0058877735 0.036660283 0.0829
1990.5 0.0023571779 0.034283891 0.0815
1990.5833333333 0.0005907111 0.037638927 0.0813
1990.6666666667 -0.0012075372 0.039256863 0.082
1990.75 -0.0055258001 0.038705267 0.0811
1990.8333333333 -0.012175976 0.036650448 0.0781
1990.9166666667 -0.017023994 0.037658064 0.0731
1991 -0.01798498 0.038857789 0.0691
1991.0833333333 -0.022977478 0.036969898 0.0625
1991.1666666667 -0.028887176 0.034013965 0.0612
1991.25 -0.02984208 0.032690091 0.0591
1991.3333333333 -0.029362373 0.034592102 0.0578
1991.4166666667 -0.028145457 0.032252369 0.059
1991.5 -0.03084011 0.033188016 0.0582
1991.5833333333 -0.031197187 0.030816874 0.0566
1991.6666666667 -0.030264808 0.030817357 0.0545
1991.75 -0.029593428 0.028958215 0.0521
1991.8333333333 -0.031396717 0.030103356 0.0481
1991.9166666667 -0.032790667 0.029285057 0.0443
1992 -0.036265231 0.024287398 0.0403
1992.0833333333 -0.031639883 0.023033582 0.0406
1992.1666666667 -0.02790381 0.024124915 0.0398
1992.25 -0.02525535 0.025856245 0.0373
1992.3333333333 -0.023753206 0.022715261 0.0382
1992.4166666667 -0.023863677 0.021464502 0.0376
1992.5 -0.020416003 0.022367287 0.0325
1992.5833333333 -0.021030075 0.021046101 0.033
1992.6666666667 -0.021141578 0.018913217 0.0322
1992.75 -0.019379206 0.021227792 0.031
1992.8333333333 -0.017530512 0.022656899 0.0309
1992.9166666667 -0.018190165 0.022487088 0.0292
1993 -0.01889179 0.024185528 0.0302
1993.0833333333 -0.020956631 0.02356307 0.0303
1993.1666666667 -0.023494481 0.022791501 0.0307
1993.25 -0.023900476 0.021356694 0.0296
1993.3333333333 -0.024983541 0.024027627 0.03
1993.4166666667 -0.024763758 0.024248546 0.0304
1993.5 -0.025742673 0.023059285 0.0306
1993.5833333333 -0.027381415 0.025632057 0.0303
1993.6666666667 -0.027147949 0.024718078 0.0309
1993.75 -0.024226465 0.023831013 0.0299
1993.8333333333 -0.022795304 0.023043741 0.0302
1993.9166666667 -0.021164692 0.021938867 0.0296
1994 -0.020764325 0.020482734 0.0305
1994.0833333333 -0.022097816 0.022249726 0.0325
1994.1666666667 -0.018663592 0.023556412 0.0334
1994.25 -0.017568365 0.022362081 0.0356
1994.3333333333 -0.014519427 0.019871726 0.0401
1994.4166666667 -0.012342426 0.020816119 0.0425
1994.5 -0.012673445 0.021278386 0.0426
1994.5833333333 -0.013733273 0.019355821 0.0447
1994.6666666667 -0.013743134 0.02058095 0.0473
1994.75 -0.012893762 0.020585646 0.0476
1994.8333333333 -0.011395902 0.020721205 0.0529
1994.9166666667 -0.0097983274 0.02076171 0.0545
1995 -0.0096043664 0.022752313 0.0553
1995.0833333333 -0.011248992 0.021753307 0.0592
1995.1666666667 -0.013795911 0.020242017 0.0598
1995.25 -0.014130949 0.02125321 0.0605
1995.3333333333 -0.016314182 0.021338447 0.0601
1995.4166666667 -0.017818549 0.020396412 0.06
1995.5 -0.018192626 0.019551112 0.0585
1995.5833333333 -0.016751265 0.021089706 0.0574
1995.6666666667 -0.016883977 0.020379998 0.058
1995.75 -0.016208803 0.020685043 0.0576
1995.8333333333 -0.017020776 0.018783269 0.058
1995.9166666667 -0.017485535 0.019840597 0.056
1996 -0.018616214 0.019489483 0.0556
1996.0833333333 -0.016517625 0.019303717 0.0522
1996.1666666667 -0.018725391 0.01955043 0.0531
1996.25 -0.015665287 0.019576118 0.0522
1996.3333333333 -0.01303199 0.01956376 0.0524
1996.4166666667 -0.0092568119 0.017423711 0.0527
1996.5 -0.010887359 0.0182976 0.054
1996.5833333333 -0.0093556388 0.015446229 0.0522
1996.6666666667 -0.00795956 0.017051646 0.053
1996.75 -0.0091079223 0.015950156 0.0524
1996.8333333333 -0.0067060598 0.017920398 0.0531
1996.9166666667 -0.0054366046 0.017374446 0.0529
1997 -0.0046435695 0.017207324 0.0525
1997.0833333333 -0.0040573229 0.01862552 0.0519
1997.1666666667 -0.005887132 0.017766751 0.0539
1997.25 -0.0038832408 0.017080491 0.0551
1997.3333333333 -0.000371251 0.015245263 0.055
1997.4166666667 0.0009700492 0.017992859 0.0556
1997.5 0.0019594962 0.017200217 0.0552
1997.5833333333 0.0028541393 0.0176566 0.0554
1997.6666666667 0.0054275875 0.017702506 0.0554
1997.75 0.0063606517 0.016993037 0.055
1997.8333333333 0.0066031678 0.015709266 0.0552
1997.9166666667 0.0048670795 0.014625846 0.055
1998 0.0070292026 0.013835072 0.0556
1998.0833333333 0.0062017179 0.010252062 0.0551
1998.1666666667 0.0063218977 0.0095732199 0.0549
1998.25 0.0081325119 0.009668062 0.0545
1998.3333333333 0.0094781452 0.012268739 0.0549
1998.4166666667 0.0074501011 0.0098753951 0.0556
1998.5 0.0075420373 0.010816465 0.0554
1998.5833333333 0.013601799 0.012308038 0.0555
1998.6666666667 0.011855848 0.0091846341 0.0551
1998.75 0.016145493 0.010020902 0.0507
1998.8333333333 0.018198611 0.010142204 0.0483
1998.9166666667 0.01947237 0.01154457 0.0468
1999 0.02091139 0.013026387 0.0463
1999.0833333333 0.020157203 0.01444564 0.0476
1999.1666666667 0.018697182 0.014299642 0.0481
1999.25 0.017922534 0.016664983 0.0474
1999.3333333333 0.019295454 0.014212967 0.0474
1999.4166666667 0.018180874 0.014678456 0.0476
1999.5 0.020787272 0.014809606 0.0499
1999.5833333333 0.022209542 0.013589483 0.0507
1999.6666666667 0.021906948 0.016799279 0.0522
1999.75 0.027242586 0.016645084 0.052
1999.8333333333 0.029531262 0.016068131 0.0542
1999.9166666667 0.030286549 0.016819522 0.053
2000 0.028536855 0.016960544 0.0545
2000.0833333333 0.025651502 0.017977895 0.0573
2000.1666666667 0.024332214 0.022482386 0.0585
2000.25 0.029331942 0.019297986 0.0602
2000.3333333333 0.031982186 0.02102142 0.0627
2000.4166666667 0.034031276 0.024020637 0.0653
2000.5 0.032875627 0.024077386 0.0654
2000.5833333333 0.028783206 0.023638474 0.065
2000.6666666667 0.026187343 0.025172349 0.0652
2000.75 0.025656183 0.024905839 0.0651
2000.8333333333 0.025759816 0.025702478 0.0651
2000.9166666667 0.022809667 0.024644573 0.064
2001 0.018120344 0.025034431 0.0598
2001.0833333333 0.013577137 0.02459229 0.0549
2001.1666666667 0.010925553 0.021571031 0.0531
2001.25 0.010868536 0.023436233 0.048
2001.3333333333 0.0082453997 0.025629472 0.0421
2001.4166666667 0.0072647832 0.026274911 0.0397
2001.5 0.0017591089 0.025600226 0.0377
2001.5833333333 -0.0023568316 0.024392329 0.0365
2001.6666666667 -0.0047474734 0.015777686 0.0307
2001.75 -0.013271565 0.020755409 0.0249
2001.8333333333 -0.012739467 0.019675979 0.0209
2001.9166666667 -0.010680899 0.018341599 0.0182
2002 -0.0097994439 0.01680316 0.0173
2002.0833333333 -0.011602593 0.016683614 0.0174
2002.1666666667 -0.0099518304 0.016094979 0.0173
2002.25 -0.01234101 0.016713001 0.0175
2002.3333333333 -0.012318708 0.01309031 0.0175
2002.4166666667 -0.012846469 0.0098377331 0.0175
2002.5 -0.016001702 0.010312457 0.0173
2002.5833333333 -0.017193368 0.013323492 0.0174
2002.6666666667 -0.016187717 0.019534771 0.0175
2002.75 -0.01955208 0.014930652 0.0175
2002.8333333333 -0.019815524 0.01681269 0.0134
2002.9166666667 -0.023531775 0.018549914 0.0124
2003 -0.023529954 0.01813124 0.0124
2003.0833333333 -0.023100558 0.020039685 0.0126
2003.1666666667 -0.026095525 0.020955075 0.0125
2003.25 -0.027369756 0.019235369 0.0126
2003.3333333333 -0.025075079 0.019051978 0.0126
2003.4166666667 -0.024196141 0.019273636 0.0122
2003.5 -0.02024857 0.019413579 0.0101
2003.5833333333 -0.020292494 0.019910689 0.0103
2003.6666666667 -0.014642331 0.021466159 0.0101
2003.75 -0.013305119 0.019143552 0.0101
2003.8333333333 -0.010918411 0.01949373 0.01
2003.9166666667 -0.0097895231 0.020149789 0.0098
2004 -0.0098051701 0.021838747 0.01
2004.0833333333 -0.0087390649 0.021969466 0.0101
2004.1666666667 -0.010439633 0.022600182 0.01
2004.25 -0.0090690869 0.023748508 0.01
2004.3333333333 -0.0081240526 0.02771441 0.01
2004.4166666667 -0.0092559299 0.031343952 0.0103
2004.5 -0.0074230573 0.030147854 0.0126
2004.5833333333 -0.0060628346 0.027810983 0.0143
2004.6666666667 -0.0061464295 0.026700762 0.0161
2004.75 -0.0040333328 0.02909469 0.0176
2004.8333333333 -0.0039462973 0.030779444 0.0193
2004.9166666667 -0.0033722809 0.031549118 0.0216
2005 -0.0007790149 0.030532668 0.0228
2005.0833333333 0.0012639745 0.030977769 0.025
2005.1666666667 0.0013542672 0.031515301 0.0263
2005.25 -0.0005632535 0.032143263 0.0279
2005.3333333333 0.0015580538 0.029990856 0.03
2005.4166666667 0.0007407827 0.026612418 0.0304
2005.5 0.0001084276 0.02852887 0.0326
2005.5833333333 0.0039411659 0.031529785 0.035
2005.6666666667 0.00330505 0.038152309 0.0362
2005.75 0.004755005 0.036750588 0.0378
2005.8333333333 0.0044908217 0.03312643 0.04
2005.9166666667 0.0032011525 0.030095357 0.0416
2006 0.0049537025 0.032816466 0.0429
2006.0833333333 0.0064659392 0.03215613 0.0449
2006.1666666667 0.009283846 0.030832126 0.0459
2006.25 0.0085255249 0.031723262 0.0479
2006.3333333333 0.0068290122 0.032803531 0.0494
2006.4166666667 0.0063592886 0.033604236 0.0499
2006.5 0.0040935692 0.033860577 0.0524
2006.5833333333 0.0045604054 0.032911468 0.0525
2006.6666666667 0.0013316737 0.024337044 0.0525
2006.75 0.0003584962 0.024356899 0.0525
2006.8333333333 0.0004485436 0.02478066 0.0525
2006.9166666667 0.003207573 0.029721335 0.0524
2007 -0.0008478075 0.029739116 0.0525
2007.0833333333 0.0003606769 0.029047977 0.0526
2007.1666666667 -0.0021014136 0.030107069 0.0526
2007.25 3.5192199E-005 0.027257576 0.0525
2007.3333333333 -0.0005111069 0.026926361 0.0525
2007.4166666667 -0.0005144692 0.027382721 0.0525
2007.5 -0.0004581943 0.023679009 0.0526
2007.5833333333 -0.0005446685 0.022918068 0.0502
2007.6666666667 0.0002321123 0.024492402 0.0494
2007.75 -0.0009633167 0.024298817 0.0476
2007.8333333333 -0.0014589912 0.025436282 0.0449
2007.9166666667 -0.0020334461 0.023931675 0.0424
2008 -0.0057442753 0.020160454 0.0394
2008.0833333333 -0.0096418824 0.019278911 0.0298
2008.1666666667 -0.014505304 0.017809645 0.0261
2008.25 -0.015867286 0.018056976 0.0228
2008.3333333333 -0.016060985 0.017315898 0.0198
2008.4166666667 -0.014947385 0.019703684 0.02
2008.5 -0.013182389 0.021756325 0.0201
2008.5833333333 -0.016358426 0.021235842 0.02
2008.6666666667 -0.024886903 0.02218052 0.0181
2008.75 -0.02896074 0.023918886 0.0097
2008.8333333333 -0.038481346 0.017883389 0.0039
2008.9166666667 -0.051072031 0.014598925 0.0016
2009 -0.060012085 0.015140416 0.0015
2009.0833333333 -0.063727017 0.016683141 0.0022
2009.1666666667 -0.069414486 0.014888751 0.0018
2009.25 -0.070804556 0.011693944 0.0015
2009.3333333333 -0.073908394 0.0091942402 0.0018
2009.4166666667 -0.074687908 0.0062704984 0.0021
2009.5 -0.075078893 0.0039089196 0.0016
2009.5833333333 -0.077541629 0.0017911006 0.0016
2009.6666666667 -0.075077187 0.0003170707 0.0015
2009.75 -0.07254593 0.0003862395 0.0012
2009.8333333333 -0.070637335 0.0049693667 0.0012
2009.9166666667 -0.068896066 0.0052711148 0.0012
2010 -0.066796112 0.0046039747 0.0011
2010.0833333333 -0.068111563 0.0036715553 0.0013
2010.1666666667 -0.067883606 0.00548398 0.0016
2010.25 -0.066496638 0.0087136056 0.002
2010.3333333333 -0.062547144 0.011387965 0.002
2010.4166666667 -0.061482472 0.011948128 0.0018
2010.5 -0.059428645 0.013832148 0.0018
2010.5833333333 -0.058880203 0.016314573 0.0019
2010.6666666667 -0.057939328 0.016230959 0.0019
2010.75 -0.058418786 0.016274486 0.0019
2010.8333333333 -0.057738893 0.017742848 0.0019
2010.9166666667 -0.054875731 0.018821883 0.0018
2011 -0.05744101 0.018910734 0.0017
2011.0833333333 -0.061752356 0.017548048 0.0016
2011.1666666667 -0.062193 0.019041755 0.0014
2011.25 -0.061808108 0.020830483 0.001
2011.3333333333 -0.060454511 0.022043927 0.0009
2011.4166666667 -0.058493675 0.021121199 0.0009
2011.5 -0.059175159 0.021924862 0.0007
2011.5833333333 -0.05864939 0.024026525 0.001
2011.6666666667 -0.060031035 0.022442285 0.0008
2011.75 -0.057888635 0.020338668 0.0007
2011.8333333333 -0.055390619 0.019089738 0.0008
2011.9166666667 -0.052565669 0.017933555 0.0007
2012 -0.051262835 0.019514128 0.0008
2012.0833333333 -0.050792107 0.020393054 0.001
2012.1666666667 -0.050826935 0.019902886 0.0013
2012.25 -0.049821514 0.018428457 0.0014
2012.3333333333 -0.049795586 0.01641457 0.0016
2012.4166666667 -0.05075229 0.016975473 0.0016
2012.5 -0.048823859 0.016221093 0.0016
2012.5833333333 -0.049014866 0.014679497 0.0013
2012.6666666667 -0.048617233 0.016711778 0.0014
2012.75 -0.050615567 0.018611508 0.0016
2012.8333333333 -0.050896102 0.017940002 0.0016
2012.9166666667 -0.05252348 0.018003126 0.0016
2013 -0.052099526 0.016232574 0.0014
2013.0833333333 -0.050513135 0.017648805 0.0015
2013.1666666667 -0.049827724 0.015762862 0.0014
2013.25 -0.050267592 0.01443362 0.0015
2013.3333333333 -0.05005306 0.014204351 0.0011
2013.4166666667 -0.049466051 0.015234173 0.0009
2013.5 -0.048034492 0.015096839 0.0009
2013.5833333333 -0.045267215 0.013550747 0.0008
2013.6666666667 -0.04244894 0.013596576 0.0008
2013.75 -0.040986786 0.012503352 0.0009
2013.8333333333 -0.039608866 0.01398131 0.0008
2013.9166666667 -0.037899445 0.015095224 0.0009
2014 -0.042312648 0.014627306 0.0007
2014.0833333333 -0.044109284 0.012516449 0.0007
2014.1666666667 -0.047258929 0.013651684 0.0008
2014.25 -0.045115233 0.014963032 0.0009
2014.3333333333 -0.042923467 0.017511826 0.0009
2014.4166666667 -0.041099056 0.016312494 0.001
